"Date","Facebook","Twitter","YouTube","Pinterest","Instagram","VKontakte","LinkedIn","reddit","Tumblr","Other"
2023-01,12.9,81.08,2.78,1.39,0.6,0.87,0.28,0.05,0.03,0
2023-02,13.49,80.06,3.28,1.49,0.58,0.91,0.1,0.05,0.04,0
2023-03,14.88,78.73,3.29,1.3,0.79,0.82,0.1,0.05,0.03,0
2023-04,15.61,77.1,3.3,1.28,1.69,0.81,0.11,0.06,0.04,0
2023-05,15.64,75.65,3.23,1.48,2.92,0.88,0.11,0.05,0.04,0
2023-06,17.63,72.63,4.3,1.76,2.48,0.92,0.16,0.07,0.05,0.01
2023-07,15.92,74.58,3.6,2.08,2.51,1.08,0.1,0.07,0.04,0.01
2023-08,15.88,75.38,3.42,2.38,1.68,1.02,0.11,0.07,0.04,0.01
2023-09,15.96,74.46,3.95,2.39,2.1,0.89,0.11,0.07,0.05,0.01
2023-10,14.97,76.41,3.09,2.15,2.21,0.9,0.11,0.08,0.06,0
2023-11,17.26,73.91,3.44,2.42,1.8,0.88,0.13,0.11,0.06,0
2023-12,16.57,74.13,3.49,2.51,2.19,0.77,0.14,0.13,0.07,0.01
