"Date","Facebook","Twitter","YouTube","Pinterest","VKontakte","reddit","Instagram","LinkedIn","Tumblr","Other"
2021-01,63.64,14.32,9.02,6.43,1.73,4.16,0.26,0.33,0.1,0
2021-02,69.27,17.23,6.26,2.65,1.37,2.8,0.18,0.2,0.05,0.01
2021-03,57.47,25.83,7.62,3.18,2.16,1.82,0.95,0.89,0.05,0
2021-04,60.98,22.7,8.07,2.56,2.43,0.8,1.28,1.09,0.08,0.01
2021-05,62.67,19.03,9.39,3.63,2.64,0.74,0.9,0.88,0.12,0.01
2021-06,61.26,19.5,9.69,4.88,2.42,0.61,1.11,0.34,0.19,0
2021-07,64.05,16.3,9.14,5.95,2.67,0.41,0.82,0.36,0.28,0.02
2021-08,56.7,18.96,9.44,9.64,3.24,0.4,0.63,0.49,0.48,0.01
2021-09,55.79,18.51,9.86,10.81,3.05,0.44,0.75,0.47,0.31,0.02
2021-10,45.79,28.05,10.18,11.45,2.54,0.46,1,0.36,0.15,0.03
2021-11,61.2,12.71,7.98,12.26,3.09,1.3,1,0.32,0.11,0.02
2021-12,62.55,16.64,7.28,8.51,3.24,0.27,0.97,0.31,0.17,0.05
