"Date","Twitter","Facebook","YouTube","Pinterest","Instagram","VKontakte","reddit","LinkedIn","Tumblr","Other"
2023-12,74.13,16.57,3.49,2.51,2.19,0.77,0.13,0.14,0.07,0.01
2024-01,72.66,15.93,5.45,2.6,2.1,0.89,0.12,0.19,0.06,0.01
2024-02,70.85,17.04,6.51,2.32,2.12,0.83,0.12,0.16,0.05,0.01
2024-03,72.9,16.25,5.73,1.98,1.97,0.69,0.27,0.14,0.06,0.01
2024-04,73.27,16.76,5.11,1.78,1.85,0.7,0.23,0.21,0.06,0.02
2024-05,68.78,19.88,5.85,2.06,2,0.88,0.25,0.23,0.06,0.01
2024-06,68.85,19.18,5.86,2.51,2.26,0.86,0.25,0.18,0.05,0.01
2024-07,68.17,21.33,4.26,2.56,2.16,0.96,0.32,0.17,0.06,0.02
2024-08,71.78,15.47,6.23,2.42,2.1,1.16,0.46,0.3,0.04,0.04
2024-09,73.26,14.57,6,2.43,2.6,0.34,0.49,0.22,0.05,0.04
2024-10,78.65,11.88,4.62,1.84,2.27,0.13,0.36,0.22,0.04,0
2024-11,80.35,12.43,3.27,1.75,1.63,0.1,0.24,0.2,0.04,0
2024-12,76.77,13.88,4.06,1.86,2.1,0.16,0.5,0.63,0.04,0
