"Date","Twitter","Facebook","YouTube","Pinterest","VKontakte","Instagram","LinkedIn","reddit","Tumblr","Other"
2022-01,16.65,63.43,7.97,7.33,2.41,0.96,0.52,0.45,0.17,0.12
2022-02,18.32,61.9,8.95,6.88,2.34,0.84,0.32,0.31,0.09,0.05
2022-03,18.41,63.94,8.71,4.85,2.51,0.86,0.33,0.26,0.09,0.04
2022-04,32.66,50.46,8.84,4.04,2.75,0.69,0.27,0.19,0.08,0.03
2022-05,41.87,45.67,6.07,3.82,1.76,0.4,0.23,0.13,0.05,0.01
2022-06,49.1,40.04,5.65,3.07,1.48,0.32,0.19,0.11,0.04,0
2022-07,62.63,30.58,3.14,1.84,1.15,0.36,0.15,0.1,0.04,0
2022-08,63.89,30.07,2.56,1.83,0.99,0.4,0.15,0.08,0.02,0
2022-09,72.98,21.74,2.49,1.68,0.61,0.31,0.1,0.07,0.02,0
2022-10,81.27,13.65,2.02,1.43,0.66,0.62,0.16,0.1,0.1,0
2022-11,81.18,13.79,1.65,1.6,0.78,0.64,0.11,0.11,0.14,0.01
2022-12,80.15,13.51,2.94,1.53,0.78,0.91,0.09,0.06,0.03,0
